# Confusion Matrix for FC-PGD (rows: true labels, columns: predicted labels, values in %)

38 6 5 4 6 5 36
7 40 6 5 4 7 31
6 5 42 7 6 5 29
7 6 8 45 4 6 24
5 7 6 7 48 4 23
6 7 5 6 7 50 19
4 5 6 4 5 6 70


# Confusion Matrix for FC-C&W (rows: true labels, columns: predicted labels, values in %)

36 6 5 4 6 5 38
7 38 6 5 4 7 33
6 5 40 7 6 5 31
7 6 8 43 4 6 26
5 7 6 7 46 4 25
6 7 5 6 7 48 21
4 5 6 4 5 6 70


# Confusion Matrix for FC-JSMA (rows: true labels, columns: predicted labels, values in %)

40 6 5 4 6 5 34
7 42 6 5 4 7 29
6 5 44 7 6 5 27
7 6 8 47 4 6 22
5 7 6 7 50 4 21
6 7 5 6 7 52 17
4 5 6 4 5 6 70